3.981880190000000539e+02 3.084314567625953685e-01
4.021960150000000453e+02 3.603739327877442111e-01
4.062080380000000446e+02 4.003134852866450655e-01
4.102230230000000688e+02 4.296474581946679305e-01
4.142410280000000853e+02 4.423617352730150887e-01
4.182620240000000535e+02 4.478026386375577039e-01
4.222870180000000460e+02 4.511031714450347008e-01
4.263150330000000849e+02 4.524100352285186921e-01
4.303460390000000757e+02 4.526587229252787559e-01
4.343800350000000776e+02 4.527036578645919351e-01
4.384170230000000856e+02 4.533047425985767265e-01
4.424570310000000859e+02 4.533909641570885163e-01
4.465010380000000509e+02 4.539101303343407445e-01
4.505470280000000685e+02 4.538154566195683470e-01
4.545970150000000558e+02 4.530197292090683003e-01
4.586500250000000847e+02 4.525098410461813048e-01
4.627070310000000859e+02 4.513166528021082535e-01
4.667660220000000777e+02 4.507979739848270162e-01
4.708290100000000393e+02 4.501240431273929032e-01
4.748940130000000863e+02 4.486679993270732969e-01
4.789630130000000463e+02 4.483038809882432529e-01
4.830360110000000873e+02 4.477920385250279689e-01
4.871110230000000456e+02 4.476962876341413766e-01
4.911890260000000694e+02 4.472772607304226211e-01
4.952710270000000605e+02 4.472170922944216920e-01
4.993560180000000628e+02 4.473731930793690137e-01
5.034440310000000522e+02 4.475458628381092652e-01
5.075350340000000529e+02 4.473957506931596217e-01
5.116290280000000621e+02 4.480586758107683032e-01
5.157270200000000386e+02 4.480833111313549666e-01
5.198270260000000462e+02 4.485233893951393047e-01
5.239310300000000780e+02 4.488540128085148906e-01
5.280380250000000615e+02 4.491211996175940580e-01
5.321490480000001071e+02 4.493481647313873339e-01
5.362620240000001104e+02 4.495497920827213889e-01
5.403790280000000621e+02 4.497652856636996099e-01
5.444980470000000423e+02 4.500441450921702224e-01
5.486210330000000113e+02 4.503357190331621629e-01
5.527470090000000482e+02 4.508588637405099298e-01
5.568760380000001078e+02 4.516550726655541581e-01
5.610090330000000449e+02 4.526825261635415987e-01
5.651450200000000450e+02 4.538269905321330455e-01
5.692830200000000787e+02 4.552519429957341823e-01
5.734250490000000582e+02 4.567194594534836893e-01
5.775700070000000323e+02 4.581866531357145500e-01
5.817190550000000258e+02 4.595131192217780658e-01
5.858699950000000172e+02 4.604724220494383902e-01
5.900250250000000278e+02 4.610606472822373902e-01
5.941830450000001065e+02 4.616742541396783861e-01
5.983440550000000258e+02 4.618674423278311680e-01
6.025079960000000483e+02 4.617694402186350300e-01
6.066750490000000582e+02 4.616660575291474666e-01
6.108460080000000971e+02 4.613459208346976093e-01
6.150190430000000106e+02 4.609642932992176756e-01
6.191960450000000264e+02 4.604125641425719229e-01
6.233760380000001078e+02 4.599235761863925132e-01
6.275599980000000642e+02 4.592950058785694734e-01
6.317460330000000113e+02 4.587466407245242017e-01
6.359360350000000608e+02 4.581091161593584538e-01
6.401280520000000251e+02 4.574968625422496937e-01
6.443240360000000919e+02 4.569482706574226061e-01
6.485230100000001130e+02 4.562106310734263537e-01
6.527260130000000800e+02 4.555892113409847344e-01
6.569310300000000780e+02 4.550826295739548999e-01
6.611400150000000622e+02 4.543649428332482421e-01
6.653510130000000800e+02 4.536345078806098829e-01
6.695660400000000436e+02 4.531205611420980883e-01
6.737850340000001097e+02 4.524357493999384694e-01
6.780060430000000906e+02 4.517432154958964108e-01
6.822300420000000258e+02 4.510638498392948170e-01
6.864580080000000635e+02 4.503646522900855431e-01
6.906890260000000126e+02 4.497237285906043325e-01
6.949230350000000271e+02 4.490652134030673204e-01
6.991600340000001097e+02 4.484245101781861309e-01
7.034000250000000278e+02 4.477701348878841969e-01
7.076440430000000106e+02 4.470907910090268778e-01
7.118910520000000588e+02 4.465957137063576443e-01
7.161410520000000588e+02 4.460179578521963895e-01
7.203940430000000106e+02 4.454182040682595489e-01
7.246500250000000278e+02 4.447635911709044154e-01
7.289089970000001131e+02 4.440347179848814219e-01
7.331719970000000330e+02 4.434035894352532092e-01
7.374380490000000918e+02 4.427527351865653826e-01
7.417070310000000291e+02 4.420790898508671352e-01
7.459790040000000317e+02 4.413409270092545911e-01
7.502540280000000621e+02 4.406888234256343684e-01
7.545320440000000417e+02 4.399383135441856663e-01
7.588140260000000126e+02 4.392442343143143635e-01
7.630989990000000489e+02 4.384120392820512468e-01
7.673870240000001104e+02 4.376369272714675795e-01
7.716780400000000100e+02 4.369426431509517150e-01
7.759720460000000912e+02 4.362442670011161261e-01
7.802700200000000450e+02 4.355024990947626851e-01
7.845710450000000264e+02 4.348401240604362061e-01
7.888740240000000767e+02 4.341107812274266342e-01
7.931810300000000780e+02 4.333733253191383583e-01
7.974920040000000654e+02 4.327080705126906124e-01
8.018050540000000410e+02 4.319432231831232816e-01
8.061220090000000482e+02 4.312542796094179232e-01
8.104410400000000436e+02 4.306408808659845655e-01
8.147640380000000278e+02 4.298468441729967893e-01
8.190900270000000774e+02 4.292836108182405686e-01
8.234190060000000813e+02 4.286346096549623619e-01
8.277520140000000310e+02 4.279635670650454027e-01
8.320870360000000119e+02 4.272994195551758634e-01
8.364260250000000951e+02 4.266517184196841894e-01
8.407680050000000165e+02 4.260022681796342692e-01
8.451130370000000767e+02 4.255211024770242934e-01
8.494620360000000119e+02 4.248455576063284167e-01
8.538130490000000918e+02 4.243621117702897627e-01
8.581680300000000443e+02 4.236502366423834376e-01
8.625260010000000648e+02 4.230903800514395074e-01
8.668870240000001104e+02 4.225637898881665633e-01
8.712510380000001078e+02 4.221104511182833252e-01
8.756180420000000595e+02 4.215384904513994613e-01
8.799890140000001111e+02 4.208961832225396327e-01
8.843620000000000800e+02 4.203497844500800884e-01
8.887390140000001111e+02 4.198633443328476655e-01
8.931190190000000939e+02 4.193890218093996869e-01
8.975020140000000310e+02 4.188438154987906836e-01
9.018890380000000278e+02 4.185369245036777985e-01
9.062780150000000958e+02 4.180517848645550760e-01
9.106710210000001098e+02 4.176072427397440889e-01
9.150670170000000780e+02 4.171402500692852899e-01
9.194660040000001118e+02 4.167722612264133653e-01
9.238680420000000595e+02 4.163191365280660694e-01
9.282740480000001071e+02 4.159820915437567601e-01
9.326820070000001124e+02 4.156093349014116645e-01
9.370940550000000258e+02 4.152598750123993043e-01
9.415090330000000449e+02 4.147859548260209861e-01
9.459270020000000159e+02 4.144039414071845062e-01
9.503480230000000120e+02 4.141667953816965397e-01
9.547730100000001130e+02 4.137824058285707318e-01
9.592010500000000093e+02 4.133330343487773839e-01
9.636310430000000906e+02 4.128518849184507067e-01
9.680650030000000470e+02 4.126787852483180252e-01
9.725030520000000251e+02 4.122314570770808095e-01
9.769430540000000747e+02 4.119021127683623607e-01
9.813870240000001104e+02 4.116208005660652036e-01
9.858330080000000635e+02 4.111031620373659656e-01
9.902830200000000787e+02 4.108895089466004791e-01
9.947360230000000456e+02 4.105936572551385222e-01
9.991920170000000780e+02 4.100854466178329161e-01
1.003652039000000059e+03 4.089640922144227031e-01
1.008114014000000111e+03 4.086754832971635221e-01
1.012580017000000112e+03 4.081212676131488748e-01
1.017049011000000064e+03 4.079901557533644474e-01
1.021520996000000082e+03 4.074976731429422183e-01
1.025996032999999898e+03 4.069794148097042319e-01
1.030475037000000157e+03 4.065389551364593790e-01
